function cmap = gem
cmap = [0.00392156862745098,0.00784313725490196,0.00392156862745098;0.00392156862745098,0.00784313725490196,0.00392156862745098;0.00392156862745098,0.0117647058823529,0.00392156862745098;0.00392156862745098,0.0156862745098039,0.00392156862745098;0.00392156862745098,0.0196078431372549,0.00392156862745098;0.00392156862745098,0.0235294117647059,0.00392156862745098;0.00392156862745098,0.0274509803921569,0.00392156862745098;0.00392156862745098,0.0313725490196078,0.00392156862745098;0.00392156862745098,0.0352941176470588,0.00392156862745098;0.00392156862745098,0.0392156862745098,0.00392156862745098;0.00392156862745098,0.0431372549019608,0.00392156862745098;0.00392156862745098,0.0470588235294118,0.00392156862745098;0.00392156862745098,0.0509803921568627,0.00392156862745098;0.00392156862745098,0.0549019607843137,0.00392156862745098;0.00392156862745098,0.0588235294117647,0.00392156862745098;0.00392156862745098,0.0627450980392157,0.00392156862745098;0.00392156862745098,0.0666666666666667,0.00392156862745098;0.00392156862745098,0.0705882352941177,0.00392156862745098;0.00392156862745098,0.0745098039215686,0.00392156862745098;0.00392156862745098,0.0784313725490196,0.00392156862745098;0.00392156862745098,0.0823529411764706,0.00392156862745098;0.00392156862745098,0.0862745098039216,0.00392156862745098;0.00392156862745098,0.0901960784313726,0.00392156862745098;0.00392156862745098,0.0941176470588235,0.00392156862745098;0.00392156862745098,0.0980392156862745,0.00392156862745098;0.00392156862745098,0.101960784313725,0.00392156862745098;0.00392156862745098,0.105882352941176,0.00392156862745098;0.00392156862745098,0.109803921568627,0.00392156862745098;0.00392156862745098,0.113725490196078,0.00392156862745098;0.00392156862745098,0.117647058823529,0.00392156862745098;0.00392156862745098,0.121568627450980,0.00392156862745098;0.00392156862745098,0.125490196078431,0.00392156862745098;0.00392156862745098,0.129411764705882,0.00392156862745098;0.00392156862745098,0.133333333333333,0.00392156862745098;0.00392156862745098,0.137254901960784,0.00392156862745098;0.00392156862745098,0.141176470588235,0.00392156862745098;0.00392156862745098,0.145098039215686,0.00392156862745098;0.00392156862745098,0.149019607843137,0.00392156862745098;0.00392156862745098,0.152941176470588,0.00392156862745098;0.00392156862745098,0.156862745098039,0.00392156862745098;0.00392156862745098,0.160784313725490,0.00392156862745098;0.00392156862745098,0.164705882352941,0.00392156862745098;0.00392156862745098,0.168627450980392,0.00392156862745098;0.00392156862745098,0.172549019607843,0.00392156862745098;0.00392156862745098,0.176470588235294,0.00392156862745098;0.00392156862745098,0.180392156862745,0.00392156862745098;0.00392156862745098,0.184313725490196,0.00392156862745098;0.00392156862745098,0.188235294117647,0.00392156862745098;0.00392156862745098,0.192156862745098,0.00392156862745098;0.00392156862745098,0.196078431372549,0.00392156862745098;0.00392156862745098,0.200000000000000,0.00392156862745098;0.00392156862745098,0.203921568627451,0.00392156862745098;0.00392156862745098,0.207843137254902,0.00392156862745098;0.00392156862745098,0.211764705882353,0.00392156862745098;0.00392156862745098,0.215686274509804,0.00392156862745098;0.00392156862745098,0.219607843137255,0.00392156862745098;0.00392156862745098,0.223529411764706,0.00392156862745098;0.00392156862745098,0.227450980392157,0.00392156862745098;0.00392156862745098,0.231372549019608,0.00392156862745098;0.00392156862745098,0.235294117647059,0.00392156862745098;0.00392156862745098,0.239215686274510,0.00392156862745098;0.00392156862745098,0.243137254901961,0.00392156862745098;0.00392156862745098,0.247058823529412,0.00392156862745098;0.00392156862745098,0.250980392156863,0.00392156862745098;0.00784313725490196,0.250980392156863,0.00784313725490196;0.0156862745098039,0.247058823529412,0.0156862745098039;0.0235294117647059,0.243137254901961,0.0235294117647059;0.0313725490196078,0.239215686274510,0.0313725490196078;0.0392156862745098,0.235294117647059,0.0392156862745098;0.0470588235294118,0.231372549019608,0.0470588235294118;0.0549019607843137,0.227450980392157,0.0549019607843137;0.0627450980392157,0.223529411764706,0.0627450980392157;0.0705882352941177,0.219607843137255,0.0705882352941177;0.0784313725490196,0.215686274509804,0.0784313725490196;0.0862745098039216,0.211764705882353,0.0862745098039216;0.0941176470588235,0.207843137254902,0.0941176470588235;0.101960784313725,0.203921568627451,0.101960784313725;0.109803921568627,0.200000000000000,0.109803921568627;0.117647058823529,0.196078431372549,0.117647058823529;0.125490196078431,0.192156862745098,0.125490196078431;0.133333333333333,0.188235294117647,0.133333333333333;0.141176470588235,0.184313725490196,0.141176470588235;0.149019607843137,0.180392156862745,0.149019607843137;0.156862745098039,0.176470588235294,0.156862745098039;0.164705882352941,0.172549019607843,0.164705882352941;0.172549019607843,0.168627450980392,0.172549019607843;0.180392156862745,0.164705882352941,0.180392156862745;0.188235294117647,0.160784313725490,0.188235294117647;0.196078431372549,0.156862745098039,0.196078431372549;0.203921568627451,0.152941176470588,0.203921568627451;0.211764705882353,0.149019607843137,0.211764705882353;0.219607843137255,0.145098039215686,0.219607843137255;0.227450980392157,0.141176470588235,0.227450980392157;0.235294117647059,0.137254901960784,0.235294117647059;0.243137254901961,0.133333333333333,0.243137254901961;0.250980392156863,0.129411764705882,0.250980392156863;0.254901960784314,0.125490196078431,0.254901960784314;0.262745098039216,0.121568627450980,0.262745098039216;0.270588235294118,0.117647058823529,0.270588235294118;0.278431372549020,0.113725490196078,0.278431372549020;0.286274509803922,0.109803921568627,0.286274509803922;0.294117647058824,0.105882352941176,0.294117647058824;0.301960784313725,0.101960784313725,0.301960784313725;0.309803921568627,0.0980392156862745,0.309803921568627;0.317647058823529,0.0941176470588235,0.317647058823529;0.325490196078431,0.0901960784313726,0.325490196078431;0.333333333333333,0.0862745098039216,0.333333333333333;0.341176470588235,0.0823529411764706,0.341176470588235;0.349019607843137,0.0784313725490196,0.349019607843137;0.356862745098039,0.0745098039215686,0.356862745098039;0.364705882352941,0.0705882352941177,0.364705882352941;0.372549019607843,0.0666666666666667,0.372549019607843;0.380392156862745,0.0627450980392157,0.380392156862745;0.388235294117647,0.0588235294117647,0.388235294117647;0.396078431372549,0.0549019607843137,0.396078431372549;0.403921568627451,0.0509803921568627,0.403921568627451;0.411764705882353,0.0470588235294118,0.411764705882353;0.419607843137255,0.0431372549019608,0.419607843137255;0.427450980392157,0.0392156862745098,0.427450980392157;0.435294117647059,0.0352941176470588,0.435294117647059;0.443137254901961,0.0313725490196078,0.443137254901961;0.450980392156863,0.0274509803921569,0.450980392156863;0.458823529411765,0.0235294117647059,0.458823529411765;0.466666666666667,0.0196078431372549,0.466666666666667;0.474509803921569,0.0156862745098039,0.474509803921569;0.482352941176471,0.0117647058823529,0.482352941176471;0.490196078431373,0.00784313725490196,0.490196078431373;0.498039215686275,0.00392156862745098,0.498039215686275;0.505882352941176,0.00392156862745098,0.490196078431373;0.513725490196078,0.0117647058823529,0.482352941176471;0.521568627450980,0.0196078431372549,0.474509803921569;0.529411764705882,0.0274509803921569,0.466666666666667;0.537254901960784,0.0352941176470588,0.458823529411765;0.545098039215686,0.0431372549019608,0.450980392156863;0.552941176470588,0.0509803921568627,0.443137254901961;0.560784313725490,0.0588235294117647,0.435294117647059;0.568627450980392,0.0666666666666667,0.427450980392157;0.576470588235294,0.0745098039215686,0.419607843137255;0.584313725490196,0.0823529411764706,0.411764705882353;0.592156862745098,0.0901960784313726,0.403921568627451;0.600000000000000,0.0980392156862745,0.396078431372549;